029456
4669944
3664793
1886450
4207677
2591934
123764
810556
4080209
3182119
3345557
1286564
3994833
3803519
4562775
2859748
102798
2504900
1163402
1579382
1126229
4371866
3903841
2808990
4527742
817702
2325267
3748948
1322910
2502131
3838184
2597641
2540158
1053445
379793
2667458
3825711
1155968
3109455
1363155
4662442
45831
1834612
581914
2440112
4219513
3968396
3692897
2526969
865295
2021103
4798320
1797540
4913387
4577867
3216562
4865738
4590334
592121
2659521
2793250
2911060
3253611
4599473
1938592
1943866
4553902
4672058
4770912
1196847
58718
3594930
4599381
1577883
3222665
19683
2144394
2743269
3360316
3108572
1520464
1132623
4094601
3504895
1404715
3515555
2254269
4465854
1745609
4884677
4041482
1995238
2473431
2991791
914904
3655259
4103737
3355162
26535
2504864
